3,2
3,1
3,3
10,95
10,151
10,309
10,135
10,159
10,207
11,29
11,21
8,11
2,2
2,1
2,3
46,4
46,3
46,2
46,1
46,0
45,5
45,4
45,3
45,2
45,1
45,0
44,4
44,3
44,2
44,1
44,0
42,5
42,4
42,3
42,2
42,1
42,0
39,5
39,4
39,3
39,2
39,1
39,0
37,5
37,4
37,3
37,2
37,1
37,0
28,5
28,1
25,3
25,1
20,3
20,2
20,1
19,3
19,2
19,1
18,3
18,1
14,3
14,1
13,3
13,1
12,3
12,2
12,1
11,27
11,25
11,23
11,17
11,13
11,11
11,9
11,5
11,3
11,2
11,1
10,283
10,253
10,251
10,233
10,229
10,217
10,205
10,197
10,175
10,141
10,127
10,107
10,99
10,91
10,23
10,7
10,3
10,2
10,1
9,7
9,5
9,3
9,2
